Session 4
73919.11
2.27
313.04
2.41
1.49
4.19
1.48
4.08
1.52
1.09
74.68
1.15
1.26
1.62
7.43
1.69
1.08
1.73
1.00
1.13
3.89
1.02
1.03
3.08
1.87
1.55
1.29
20.24
1.75
1.47
1.71
1.83
2.66
1.26
2.09
80.28
1.92
2.35
1.69
5.58
7.19
1.07
1.99
1.61
5.73
1.44
3.02
7.67
3.41
1.71
1.58
1.37
6.27
6.57
1.35
9.67
1.14
1.02
2.90
1.79
1.06
1.43
32.92
2.29
7.25
1.60
18.92
1.42
1.67
1.69
2.08
7.25
5.70
2.65
1.36
3.22
1.26
3.60
13.06
1.75
3.18
1.03
1.82
2.90
32.46
1.04
12.35
1.15
12.92
1.01
1.51
5.88
1.47
1.38
2.23
1.33
1.69
1.52
1.85
1.80
12.29
6.10
22.12
1.00
8.51
1.83
278.05
1.17
1.11
2.58
2.41
4.63
1.00
1.05
1.59
1.78
1.09
7.04
4.24
5.63
1.26
1.68
3.83
1.24
3.13
1.69
2.32
2.45
1.73
1.03
6.12
1.18
1.13
1.00
1.00
1.46
1.02
5.69
