Session 3
8.93
1.33
12.43
1.08
1.70
24.41
2.82
5.22
8.17
1.04
1.20
1.86
12.53
5.46
1.44
1.08
1.22
3.43
22.08
1.00
1.00
1.12
1.01
1.00
1.32
4.14
1.48
1.19
1.00
1.37
1.77
2.64
1.60
1.26
1.00
5.66
2.18
4.18
5.68
3.86
1.07
2.32
2.31
1.02
5.91
1.53
1.32
1.18
5.34
1.10
7.61
1.56
4.15
2.14
2.46
1.00
2.19
1.56
1.30
1.46
29.46
1.15
2.15
1.16
2.25
1.62
2.01
2.02
1.31
1.41
4.64
2.09
2.27
12.30
9.29
3.08
10.40
1.57
3.17
1.40
7.63
1.14
1.61
1.07
1.07
6.42
1.17
1.09
1.27
1.08
2.53
1.25
2.80
1.15
1.66
1.21
1.11
1.00
1.61
1.18
1.06
1.18
2.46
98.70
1.20
1.09
1.56
1.41
1.66
1.00
35.57
1.58
1.23
3.75
6.22
24.34
2.84
2.30
1.71
